   1.8e-109  366.0   4.5   2.5e-109  365.5   4.5    1.1  1  D915_00024  transcript=D915_00024 gene=D915_00024
     2e-107  359.2   1.5   3.5e-107  358.4   1.5    1.4  1  D915_14620  transcript=D915_14620 gene=D915_14620
    1.2e-92  310.3   1.5    1.7e-92  309.8   1.5    1.2  1  D915_07082  transcript=D915_07082 gene=D915_07082
    2.4e-81  273.0   5.3      3e-81  272.6   5.3    1.1  1  D915_14779  transcript=D915_14779 gene=D915_14779
    3.2e-70  236.2   0.7    2.8e-67  226.4   0.1    2.2  2  D915_00352  transcript=D915_00352 gene=D915_00352
    1.8e-68  230.4   0.8      2e-68  230.2   0.8    1.0  1  D915_07373  transcript=D915_07373 gene=D915_07373
      3e-66  223.0   9.0    2.4e-65  220.0   9.0    2.3  1  D915_08442  transcript=D915_08442 gene=D915_08442
    1.4e-62  210.9   5.0    6.3e-55  185.6   0.1    3.0  2  D915_04663  transcript=D915_04663 gene=D915_04663
      9e-60  201.6   2.0    1.3e-59  201.1   2.0    1.3  1  D915_02272  transcript=D915_02272 gene=D915_02272
    2.3e-59  200.2   5.1    1.2e-58  197.8   5.1    2.0  1  D915_07262  transcript=D915_07262 gene=D915_07262
    6.7e-59  198.7   0.1    9.7e-59  198.2   0.1    1.2  1  D915_00254  transcript=D915_00254 gene=D915_00254
    1.3e-57  194.5   0.0    2.3e-57  193.6   0.0    1.4  1  D915_07371  transcript=D915_07371 gene=D915_07371
    2.6e-55  186.8   1.3    3.4e-55  186.5   1.3    1.1  1  D915_02277  transcript=D915_02277 gene=D915_02277
    3.2e-54  183.2   0.0    1.9e-53  180.7   0.0    1.9  1  D915_02759  transcript=D915_02759 gene=D915_02759
    4.2e-51  172.9   2.8    5.9e-51  172.4   2.8    1.2  1  D915_09444  transcript=D915_09444 gene=D915_09444
    5.2e-48  162.7   4.3    2.1e-47  160.7   4.3    1.9  1  D915_03929  transcript=D915_03929 gene=D915_03929
    2.8e-47  160.3  10.3    1.2e-23   82.2   5.7    2.2  2  D915_11824  transcript=D915_11824 gene=D915_11824
    1.9e-46  157.5   1.2    3.4e-40  136.8   0.1    2.1  2  D915_05357  transcript=D915_05357 gene=D915_05357
    7.2e-46  155.6   2.4      1e-45  155.1   2.4    1.1  1  D915_11878  transcript=D915_11878 gene=D915_11878
    8.6e-46  155.4   4.0      2e-44  150.8   0.1    2.5  2  D915_11524  transcript=D915_11524 gene=D915_11524
    4.1e-43  146.5   5.0    9.6e-30  102.3   0.1    4.4  4  D915_00353  transcript=D915_00353 gene=D915_00353
    9.3e-43  145.3   0.6    1.7e-42  144.4   0.6    1.3  1  D915_08314  transcript=D915_08314 gene=D915_08314
    1.2e-42  144.9   0.0    4.4e-42  143.1   0.0    1.8  1  D915_01686  transcript=D915_01686 gene=D915_01686
    1.6e-42  144.5   0.9    2.9e-42  143.7   0.9    1.4  1  D915_07843  transcript=D915_07843 gene=D915_07843
    9.4e-42  142.0   4.6    8.6e-27   92.5   0.2    2.1  2  D915_13862  transcript=D915_13862 gene=D915_13862
    1.4e-41  141.4   0.0    1.7e-41  141.1   0.0    1.1  1  D915_11480  transcript=D915_11480 gene=D915_11480
    9.5e-41  138.7   0.1    1.3e-40  138.3   0.1    1.2  1  D915_14318  transcript=D915_14318 gene=D915_14318
    1.2e-40  138.3   0.0    1.4e-40  138.1   0.0    1.1  1  D915_02433  transcript=D915_02433 gene=D915_02433
    1.4e-40  138.2   7.9    3.6e-39  133.4   5.4    3.0  2  D915_02228  transcript=D915_02228 gene=D915_02228
    1.9e-40  137.7   0.3    2.8e-40  137.1   0.3    1.2  1  D915_02483  transcript=D915_02483 gene=D915_02483
    3.3e-40  136.9   0.2    3.9e-40  136.7   0.2    1.1  1  D915_05319  transcript=D915_05319 gene=D915_05319
    1.3e-39  134.9   0.0    2.9e-39  133.8   0.0    1.5  1  D915_03240  transcript=D915_03240 gene=D915_03240
    3.4e-39  133.5   1.8      5e-39  133.0   1.8    1.2  1  D915_09735  transcript=D915_09735 gene=D915_09735
    5.7e-39  132.8  10.4    5.9e-38  129.4  10.4    2.6  1  D915_04026  transcript=D915_04026 gene=D915_04026
      9e-39  132.1   0.6    1.7e-37  127.9   0.1    2.0  2  D915_10818  transcript=D915_10818 gene=D915_10818
    1.5e-38  131.4   0.0    2.2e-38  130.9   0.0    1.1  1  D915_06841  transcript=D915_06841 gene=D915_06841
    9.5e-38  128.7   4.5    1.2e-36  125.1   4.5    1.9  1  D915_08495  transcript=D915_08495 gene=D915_08495
      3e-37  127.1   1.4      5e-30  103.2   0.1    2.4  2  D915_05401  transcript=D915_05401 gene=D915_05401
    7.4e-37  125.8   0.4    8.1e-18   62.8   0.1    2.4  2  D915_05284  transcript=D915_05284 gene=D915_05284
    1.1e-36  125.3   0.9    2.8e-34  117.3   0.1    2.6  2  D915_09726  transcript=D915_09726 gene=D915_09726
    1.3e-36  125.0   0.0    2.7e-20   71.0   0.0    2.3  2  D915_01443  transcript=D915_01443 gene=D915_01443
    1.5e-35  121.5   0.0    1.8e-35  121.2   0.0    1.1  1  D915_07946  transcript=D915_07946 gene=D915_07946
    4.3e-32  110.0   0.0    5.4e-32  109.7   0.0    1.1  1  D915_02869  transcript=D915_02869 gene=D915_02869
    6.4e-32  109.5   4.9    1.4e-24   85.2   0.7    2.2  2  D915_03208  transcript=D915_03208 gene=D915_03208
    2.7e-29  100.8   0.6    2.3e-14   51.4   0.0    2.1  2  D915_03346  transcript=D915_03346 gene=D915_03346
      6e-29   99.7   3.6    9.6e-21   72.5   0.0    2.9  2  D915_04347  transcript=D915_04347 gene=D915_04347
    3.4e-28   97.1   0.0    4.8e-28   96.7   0.0    1.1  1  D915_06079  transcript=D915_06079 gene=D915_06079
    1.3e-27   95.3  12.1    9.6e-16   56.0   1.1    4.1  3  D915_03547  transcript=D915_03547 gene=D915_03547
    6.8e-27   92.8   3.9    1.4e-18   65.4   0.4    3.8  4  D915_11955  transcript=D915_11955 gene=D915_11955
    1.2e-26   92.0   0.1    2.1e-24   84.6   0.1    2.1  2  D915_03253  transcript=D915_03253 gene=D915_03253
    1.2e-25   88.7   0.0    2.3e-21   74.6   0.0    2.2  2  D915_09101  transcript=D915_09101 gene=D915_09101
    2.6e-25   87.6   1.3    9.7e-25   85.7   1.3    1.7  1  D915_02728  transcript=D915_02728 gene=D915_02728
    2.8e-25   87.5   0.0    1.6e-22   78.4   0.0    2.0  2  D915_08883  transcript=D915_08883 gene=D915_08883
    3.9e-25   87.0   2.6    2.3e-19   67.9   0.1    2.4  2  D915_12226  transcript=D915_12226 gene=D915_12226
    9.9e-25   85.7   0.5    1.1e-24   85.5   0.5    1.0  1  D915_03894  transcript=D915_03894 gene=D915_03894
    1.3e-24   85.3   1.3    4.4e-24   83.6   1.3    1.7  1  D915_03356  transcript=D915_03356 gene=D915_03356
    1.3e-24   85.3   6.9    3.7e-12   44.1   0.0    3.5  3  D915_04801  transcript=D915_04801 gene=D915_04801
    1.3e-24   85.3   4.0    1.2e-21   75.5   0.0    2.4  2  D915_06874  transcript=D915_06874 gene=D915_06874
    3.1e-23   80.8   0.0    1.8e-20   71.6   0.0    2.4  2  D915_01650  transcript=D915_01650 gene=D915_01650
    3.9e-23   80.4   0.1    7.5e-23   79.5   0.1    1.4  1  D915_11318  transcript=D915_11318 gene=D915_11318
    1.3e-22   78.7   0.1    1.6e-22   78.4   0.1    1.0  1  D915_01240  transcript=D915_01240 gene=D915_01240
    1.5e-22   78.5   1.5    2.5e-09   34.7   0.0    3.1  3  D915_11910  transcript=D915_11910 gene=D915_11910
    2.4e-22   77.8   1.3    3.5e-22   77.3   1.3    1.2  1  D915_09467  transcript=D915_09467 gene=D915_09467
    3.1e-22   77.4   0.0    5.5e-22   76.6   0.0    1.4  1  D915_15777  transcript=D915_15777 gene=D915_15777
    6.9e-22   76.3   0.1    8.6e-22   76.0   0.1    1.1  1  D915_04230  transcript=D915_04230 gene=D915_04230
    8.9e-22   75.9   0.3    1.2e-21   75.5   0.3    1.1  1  D915_10297  transcript=D915_10297 gene=D915_10297
    1.4e-21   75.2   0.3    3.5e-12   44.2   0.1    2.2  2  D915_08055  transcript=D915_08055 gene=D915_08055
    2.1e-21   74.7   7.6    1.3e-17   62.1   4.6    2.9  2  D915_11680  transcript=D915_11680 gene=D915_11680
    1.8e-20   71.6   0.3    3.3e-20   70.7   0.3    1.4  1  D915_09723  transcript=D915_09723 gene=D915_09723
    2.3e-20   71.3   0.1      4e-20   70.5   0.1    1.3  1  D915_08782  transcript=D915_08782 gene=D915_08782
    2.6e-20   71.1   1.0    2.6e-20   71.1   1.0    2.3  2  D915_09025  transcript=D915_09025 gene=D915_09025
    3.3e-20   70.7   0.4    5.8e-10   36.8   0.2    2.2  2  D915_00586  transcript=D915_00586 gene=D915_00586
    6.7e-20   69.7   1.8    4.3e-09   34.0   0.0    3.2  3  D915_07963  transcript=D915_07963 gene=D915_07963
    6.4e-19   66.5   0.1      2e-16   58.2   0.0    2.0  2  D915_03224  transcript=D915_03224 gene=D915_03224
    3.9e-18   63.9   3.1    8.7e-10   36.3   0.1    3.5  4  D915_12300  transcript=D915_12300 gene=D915_12300
      4e-18   63.8  16.3    3.7e-10   37.5   0.1    4.1  4  D915_00705  transcript=D915_00705 gene=D915_00705
    7.3e-18   63.0   2.4    2.2e-10   38.3   0.6    2.0  2  D915_03323  transcript=D915_03323 gene=D915_03323
    1.2e-17   62.2   3.8      1e-09   36.0   0.0    2.9  2  D915_03945  transcript=D915_03945 gene=D915_03945
    1.9e-17   61.6   5.6    1.1e-11   42.5   0.6    2.3  2  D915_08108  transcript=D915_08108 gene=D915_08108
    2.4e-17   61.3   0.7    2.8e-11   41.2   0.2    2.2  2  D915_00377  transcript=D915_00377 gene=D915_00377
    2.8e-17   61.0   0.4    3.4e-16   57.5   0.4    2.3  1  D915_08719  transcript=D915_08719 gene=D915_08719
      6e-17   60.0   3.0    4.7e-08   30.5   0.4    4.1  4  D915_06234  transcript=D915_06234 gene=D915_06234
    7.1e-17   59.7   2.4    3.1e-11   41.1   0.1    2.2  2  D915_07737  transcript=D915_07737 gene=D915_07737
    8.4e-17   59.5   0.9    1.1e-06   26.0   0.0    4.1  4  D915_06854  transcript=D915_06854 gene=D915_06854
    8.4e-17   59.5   1.5    3.1e-09   34.4   0.1    2.1  2  D915_12397  transcript=D915_12397 gene=D915_12397
    1.5e-16   58.6   0.2    2.6e-16   57.8   0.2    1.3  1  D915_14452  transcript=D915_14452 gene=D915_14452
    7.8e-16   56.3   0.1    1.9e-07   28.5   0.0    3.1  3  D915_08810  transcript=D915_08810 gene=D915_08810
    8.6e-16   56.1   0.0    2.1e-15   54.9   0.0    1.5  1  D915_10597  transcript=D915_10597 gene=D915_10597
    1.3e-15   55.6   0.3    1.9e-15   55.0   0.3    1.2  1  D915_09348  transcript=D915_09348 gene=D915_09348
      2e-15   54.9   0.0    2.5e-15   54.6   0.0    1.1  1  D915_12040  transcript=D915_12040 gene=D915_12040
    2.3e-15   54.7   0.9    1.4e-08   32.2   0.4    2.7  2  D915_09842  transcript=D915_09842 gene=D915_09842
    3.8e-15   54.0   0.1    4.5e-14   50.4   0.1    1.9  2  D915_12569  transcript=D915_12569 gene=D915_12569
    4.6e-15   53.7   4.3      8e-09   33.1   0.1    3.3  3  D915_08074  transcript=D915_08074 gene=D915_08074
    7.5e-15   53.0   0.0      1e-14   52.6   0.0    1.2  1  D915_11728  transcript=D915_11728 gene=D915_11728
    1.7e-14   51.9   0.3    2.2e-14   51.4   0.3    1.1  1  D915_06521  transcript=D915_06521 gene=D915_06521
    1.7e-14   51.8   0.1    2.5e-14   51.3   0.1    1.2  1  D915_03241  transcript=D915_03241 gene=D915_03241
    3.7e-14   50.7   0.2    5.7e-14   50.1   0.2    1.2  1  D915_06211  transcript=D915_06211 gene=D915_06211
    4.8e-14   50.3   0.0    7.4e-14   49.7   0.0    1.3  1  D915_03223  transcript=D915_03223 gene=D915_03223
    5.2e-14   50.2   0.0    6.1e-14   50.0   0.0    1.1  1  D915_06210  transcript=D915_06210 gene=D915_06210
    6.5e-14   49.9   0.1    7.9e-14   49.6   0.1    1.1  1  D915_13092  transcript=D915_13092 gene=D915_13092
    6.7e-14   49.9   0.6    3.2e-13   47.6   0.6    1.8  1  D915_11729  transcript=D915_11729 gene=D915_11729
    1.2e-13   49.1   4.8    2.4e-10   38.1   0.3    2.1  2  D915_06296  transcript=D915_06296 gene=D915_06296
    1.5e-13   48.7   0.0    1.6e-10   38.7   0.0    2.1  2  D915_05321  transcript=D915_05321 gene=D915_05321
    1.5e-13   48.7   0.3    1.9e-13   48.4   0.3    1.0  1  D915_02505  transcript=D915_02505 gene=D915_02505
    1.7e-13   48.5   8.0    1.4e-10   38.9   4.0    3.0  2  D915_02324  transcript=D915_02324 gene=D915_02324
    1.8e-13   48.4   1.8    3.2e-11   41.0   0.0    3.0  3  D915_09389  transcript=D915_09389 gene=D915_09389
      3e-13   47.7   4.6    7.7e-07   26.5   0.1    2.8  3  D915_02501  transcript=D915_02501 gene=D915_02501
    5.3e-13   46.9   1.1    6.4e-11   40.0   0.6    2.0  2  D915_02613  transcript=D915_02613 gene=D915_02613
    5.5e-13   46.8   0.0    1.3e-12   45.7   0.0    1.5  1  D915_04771  transcript=D915_04771 gene=D915_04771
    5.7e-13   46.8   1.4      2e-12   45.0   1.4    1.7  1  D915_04056  transcript=D915_04056 gene=D915_04056
    1.3e-12   45.7   1.7    3.7e-09   34.2   0.1    2.5  3  D915_04988  transcript=D915_04988 gene=D915_04988
    1.4e-12   45.5   2.7    1.7e-09   35.3   1.3    2.0  2  D915_11628  transcript=D915_11628 gene=D915_11628
    1.7e-12   45.2   5.4    5.7e-07   26.9   0.3    2.1  2  D915_08315  transcript=D915_08315 gene=D915_08315
    2.6e-12   44.6   0.6      3e-12   44.4   0.6    1.1  1  D915_01964  transcript=D915_01964 gene=D915_01964
    2.7e-12   44.5  13.0    9.6e-08   29.5   0.1    4.0  4  D915_07417  transcript=D915_07417 gene=D915_07417
    3.1e-12   44.4   0.4    6.6e-06   23.4   0.1    2.0  2  D915_05068  transcript=D915_05068 gene=D915_05068
    5.1e-12   43.6   0.0    6.6e-12   43.3   0.0    1.1  1  D915_08005  transcript=D915_08005 gene=D915_08005
    1.4e-11   42.2   0.1    2.2e-11   41.6   0.1    1.2  1  D915_05639  transcript=D915_05639 gene=D915_05639
    2.2e-11   41.5   0.2    3.1e-11   41.1   0.2    1.2  1  D915_07947  transcript=D915_07947 gene=D915_07947
    2.7e-11   41.3   6.7    4.8e-07   27.2   0.6    3.1  3  D915_08036  transcript=D915_08036 gene=D915_08036
    2.9e-11   41.2   5.7    1.6e-06   25.5   0.3    2.9  3  D915_15868  transcript=D915_15868 gene=D915_15868
    3.5e-11   40.9   0.0    4.4e-11   40.5   0.0    1.1  1  D915_09736  transcript=D915_09736 gene=D915_09736
    4.5e-11   40.5   4.1    1.2e-09   35.7   4.1    2.7  1  D915_09011  transcript=D915_09011 gene=D915_09011
    4.6e-11   40.5  11.6    3.9e-08   30.8   2.6    2.8  3  D915_10635  transcript=D915_10635 gene=D915_10635
    1.4e-10   38.9   0.5    0.00018   18.7   0.0    3.2  3  D915_13989  transcript=D915_13989 gene=D915_13989
      2e-10   38.4   0.1    9.7e-09   32.8   0.0    2.7  3  D915_01314  transcript=D915_01314 gene=D915_01314
    2.5e-10   38.0   0.1    3.1e-08   31.1   0.0    2.2  2  D915_05166  transcript=D915_05166 gene=D915_05166
    2.7e-10   37.9   1.5    2.1e-05   21.8   0.2    2.8  3  D915_12592  transcript=D915_12592 gene=D915_12592
    9.1e-10   36.2   1.9      5e-08   30.5   0.0    2.7  3  D915_11950  transcript=D915_11950 gene=D915_11950
    1.1e-09   35.9   0.3    1.6e-09   35.4   0.0    1.4  1  D915_01963  transcript=D915_01963 gene=D915_01963
    1.2e-09   35.9   2.6    1.2e-09   35.9   2.6    1.4  1  D915_13641  transcript=D915_13641 gene=D915_13641
    1.4e-09   35.5  16.1    2.5e-09   34.7   7.0    3.5  3  D915_00670  transcript=D915_00670 gene=D915_00670
    2.5e-09   34.8   5.0    3.3e-07   27.7   2.3    2.3  2  D915_11599  transcript=D915_11599 gene=D915_11599
    8.7e-09   33.0   0.0    0.00012   19.3   0.0    2.4  2  D915_14176  transcript=D915_14176 gene=D915_14176
    1.2e-08   32.5   0.0     0.0015   15.6   0.0    2.2  2  D915_10001  transcript=D915_10001 gene=D915_10001
    1.6e-08   32.0   0.4    2.2e-08   31.6   0.4    1.2  1  D915_04615  transcript=D915_04615 gene=D915_04615
      2e-08   31.8   0.1    2.6e-08   31.4   0.1    1.1  1  D915_04772  transcript=D915_04772 gene=D915_04772
    2.1e-08   31.7   0.0      2e-05   21.9   0.0    3.0  3  D915_03691  transcript=D915_03691 gene=D915_03691
    2.2e-08   31.6   0.2     0.0027   14.8   0.1    2.5  3  D915_02530  transcript=D915_02530 gene=D915_02530
    4.7e-08   30.5   0.0    0.00096   16.3   0.0    2.0  2  D915_10067  transcript=D915_10067 gene=D915_10067
    8.8e-08   29.6   0.0    0.00017   18.7   0.0    2.7  3  D915_08699  transcript=D915_08699 gene=D915_08699
      1e-07   29.4   0.1    1.8e-07   28.6   0.1    1.3  1  D915_12316  transcript=D915_12316 gene=D915_12316
    1.5e-07   28.8   0.9    2.5e-07   28.1   0.9    1.3  1  D915_09641  transcript=D915_09641 gene=D915_09641
    2.3e-07   28.3   1.6    1.2e-06   25.9   1.6    1.9  1  D915_05604  transcript=D915_05604 gene=D915_05604
    2.7e-07   28.0   0.1     0.0047   14.0   0.0    2.6  3  D915_07589  transcript=D915_07589 gene=D915_07589
    3.2e-07   27.8   0.0     0.0073   13.4   0.0    2.0  2  D915_06304  transcript=D915_06304 gene=D915_06304
      4e-07   27.4   0.1    4.8e-07   27.2   0.1    1.1  1  D915_02323  transcript=D915_02323 gene=D915_02323
    4.8e-07   27.2   0.0    6.8e-07   26.7   0.0    1.2  1  D915_07918  transcript=D915_07918 gene=D915_07918
    4.9e-07   27.2   0.0    5.3e-07   27.0   0.0    1.1  1  D915_12347  transcript=D915_12347 gene=D915_12347
    5.8e-07   26.9   2.5    2.3e-05   21.6   0.7    2.4  2  D915_11877  transcript=D915_11877 gene=D915_11877
    7.3e-07   26.6   0.0    9.4e-07   26.2   0.0    1.1  1  D915_00909  transcript=D915_00909 gene=D915_00909
    8.2e-07   26.4   0.9    6.6e-05   20.1   0.8    2.2  2  D915_10386  transcript=D915_10386 gene=D915_10386
      9e-07   26.3   0.0    1.3e-06   25.8   0.0    1.1  1  D915_06078  transcript=D915_06078 gene=D915_06078
    1.6e-06   25.5   0.0    1.9e-06   25.2   0.0    1.1  1  D915_10881  transcript=D915_10881 gene=D915_10881
    2.6e-06   24.8   0.0     0.0018   15.4   0.0    2.0  2  D915_02612  transcript=D915_02612 gene=D915_02612
    2.8e-06   24.6   0.0    7.7e-06   23.2   0.0    1.6  2  D915_05438  transcript=D915_05438 gene=D915_05438
    4.6e-06   23.9   0.0    5.6e-06   23.7   0.0    1.1  1  D915_11627  transcript=D915_11627 gene=D915_11627
    5.2e-06   23.8   0.0      6e-06   23.6   0.0    1.0  1  D915_01894  transcript=D915_01894 gene=D915_01894
    5.4e-06   23.7   5.4     0.0028   14.7   1.8    2.3  2  D915_08811  transcript=D915_08811 gene=D915_08811
    6.3e-06   23.5   0.0     0.0012   15.9   0.0    2.7  2  D915_10726  transcript=D915_10726 gene=D915_10726
    6.9e-06   23.4   0.3     0.0011   16.1   0.4    2.5  3  D915_15809  transcript=D915_15809 gene=D915_15809
    7.1e-06   23.3   0.0    9.2e-06   22.9   0.0    1.1  1  D915_04507  transcript=D915_04507 gene=D915_04507
    7.2e-06   23.3   0.1    1.3e-05   22.4   0.1    1.4  1  D915_03254  transcript=D915_03254 gene=D915_03254
    7.2e-06   23.3   2.2    1.1e-05   22.7   2.2    1.2  1  D915_14716  transcript=D915_14716 gene=D915_14716
    8.5e-06   23.1   0.1    1.3e-05   22.5   0.1    1.2  1  D915_07402  transcript=D915_07402 gene=D915_07402
    2.6e-05   21.5   0.3    3.6e-05   21.0   0.3    1.2  1  D915_09840  transcript=D915_09840 gene=D915_09840
    3.2e-05   21.1   0.0    4.3e-05   20.7   0.0    1.1  1  D915_03488  transcript=D915_03488 gene=D915_03488
    3.5e-05   21.0   0.0    5.1e-05   20.5   0.0    1.2  1  D915_10492  transcript=D915_10492 gene=D915_10492
    5.1e-05   20.5   0.1      7e-05   20.0   0.1    1.1  1  D915_08778  transcript=D915_08778 gene=D915_08778
    5.6e-05   20.4   0.1     0.0023   15.0   0.1    2.0  2  D915_14213  transcript=D915_14213 gene=D915_14213
    6.1e-05   20.2   0.1     0.0001   19.5   0.1    1.4  1  D915_02251  transcript=D915_02251 gene=D915_02251
    0.00011   19.4   0.0    0.00015   19.0   0.0    1.1  1  D915_04208  transcript=D915_04208 gene=D915_04208
    0.00011   19.4   0.2       0.03   11.3   0.1    2.0  2  D915_13861  transcript=D915_13861 gene=D915_13861
    0.00011   19.4   8.1       0.14    9.2   0.0    4.1  4  D915_06263  transcript=D915_06263 gene=D915_06263
    0.00016   18.9   0.2      0.008   13.2   0.0    2.1  2  D915_09142  transcript=D915_09142 gene=D915_09142
    0.00017   18.8   0.0     0.0002   18.5   0.0    1.0  1  D915_05815  transcript=D915_05815 gene=D915_05815
    0.00018   18.7   0.8    0.00023   18.3   0.8    1.1  1  D915_12570  transcript=D915_12570 gene=D915_12570
    0.00022   18.4   0.1    0.00022   18.4   0.1    1.7  1  D915_04809  transcript=D915_04809 gene=D915_04809
    0.00037   17.7   0.2    0.00048   17.3   0.2    1.2  1  D915_05603  transcript=D915_05603 gene=D915_05603
    0.00046   17.3   0.0    0.00063   16.9   0.0    1.1  1  D915_13178  transcript=D915_13178 gene=D915_13178
    0.00048   17.3   0.0    0.00062   16.9   0.0    1.1  1  D915_01816  transcript=D915_01816 gene=D915_01816
    0.00049   17.2   0.0    0.00057   17.0   0.0    1.1  1  D915_09349  transcript=D915_09349 gene=D915_09349
    0.00056   17.0   0.2    0.00095   16.3   0.2    1.3  1  D915_03799  transcript=D915_03799 gene=D915_03799
    0.00074   16.6   0.0     0.0011   16.1   0.0    1.3  1  D915_04694  transcript=D915_04694 gene=D915_04694
    0.00075   16.6   0.0      0.001   16.2   0.0    1.2  1  D915_12225  transcript=D915_12225 gene=D915_12225
    0.00076   16.6   0.7       0.17    8.8   0.1    2.1  2  D915_06522  transcript=D915_06522 gene=D915_06522
    0.00077   16.6   0.1     0.0011   16.1   0.1    1.2  1  D915_09505  transcript=D915_09505 gene=D915_09505
    0.00085   16.4   0.1     0.0012   16.0   0.1    1.2  1  D915_14212  transcript=D915_14212 gene=D915_14212
    0.00087   16.4   0.2     0.0011   16.1   0.2    1.1  1  D915_09843  transcript=D915_09843 gene=D915_09843
    0.00093   16.3   0.0     0.0013   15.8   0.0    1.1  1  D915_07919  transcript=D915_07919 gene=D915_07919
     0.0012   16.0   0.1     0.0016   15.6   0.1    1.1  1  D915_03345  transcript=D915_03345 gene=D915_03345
     0.0013   15.9   0.2      0.054   10.5   0.1    2.0  2  D915_01409  transcript=D915_01409 gene=D915_01409
     0.0014   15.7   0.0     0.0028   14.7   0.0    1.4  1  D915_03659  transcript=D915_03659 gene=D915_03659
     0.0017   15.5   1.0       0.17    8.8   0.1    2.3  2  D915_13720  transcript=D915_13720 gene=D915_13720
     0.0018   15.4   0.2        6.5    3.6   0.0    3.7  4  D915_05909  transcript=D915_05909 gene=D915_05909
     0.0018   15.4   0.8      0.003   14.6   0.0    1.7  2  D915_09569  transcript=D915_09569 gene=D915_09569
     0.0025   14.9   0.0     0.0033   14.5   0.0    1.1  1  D915_06305  transcript=D915_06305 gene=D915_06305
     0.0031   14.6   0.0     0.0046   14.0   0.0    1.2  1  D915_12190  transcript=D915_12190 gene=D915_12190
     0.0033   14.5   0.0     0.0035   14.4   0.0    1.1  1  D915_08003  transcript=D915_08003 gene=D915_08003
      0.004   14.2   0.2      0.017   12.1   0.0    1.8  2  D915_09319  transcript=D915_09319 gene=D915_09319
     0.0046   14.0   0.3      0.036   11.1   0.0    2.0  2  D915_10023  transcript=D915_10023 gene=D915_10023
     0.0046   14.0   0.7     0.0059   13.7   0.7    1.3  1  D915_08202  transcript=D915_08202 gene=D915_08202
  ------ inclusion threshold ------
       0.01   12.9   0.0      0.012   12.6   0.0    1.1  1  D915_08907  transcript=D915_08907 gene=D915_08907
      0.011   12.8   0.1      0.011   12.8   0.1    1.1  1  D915_01893  transcript=D915_01893 gene=D915_01893
      0.011   12.7   0.4       0.06   10.3   0.0    2.0  2  D915_04520  transcript=D915_04520 gene=D915_04520
      0.012   12.6   0.1      0.012   12.6   0.1    3.6  4  D915_07818  transcript=D915_07818 gene=D915_07818
      0.016   12.2   0.1       0.15    9.0   0.1    2.0  1  D915_07353  transcript=D915_07353 gene=D915_07353
      0.022   11.8   0.1       0.03   11.3   0.1    1.2  1  D915_01815  transcript=D915_01815 gene=D915_01815
      0.022   11.7   0.0      0.024   11.7   0.0    1.1  1  D915_03581  transcript=D915_03581 gene=D915_03581
      0.023   11.7   0.2       0.46    7.4   0.0    2.7  3  D915_15235  transcript=D915_15235 gene=D915_15235
      0.025   11.6   0.4      0.028   11.4   0.4    1.1  1  D915_04987  transcript=D915_04987 gene=D915_04987
      0.033   11.2   0.1      0.038   11.0   0.1    1.2  1  D915_03777  transcript=D915_03777 gene=D915_03777
      0.037   11.0   0.4       0.05   10.6   0.4    1.1  1  D915_08779  transcript=D915_08779 gene=D915_08779
       0.05   10.6   0.0      0.078   10.0   0.0    1.2  1  D915_09581  transcript=D915_09581 gene=D915_09581
      0.056   10.4   0.0      0.085    9.8   0.0    1.2  1  D915_01388  transcript=D915_01388 gene=D915_01388
      0.059   10.4   0.5       0.21    8.5   0.0    2.0  2  D915_05301  transcript=D915_05301 gene=D915_05301
      0.059   10.3   0.2       0.18    8.7   0.2    1.7  1  D915_12041  transcript=D915_12041 gene=D915_12041
      0.062   10.3   0.1      0.073   10.1   0.1    1.1  1  D915_15145  transcript=D915_15145 gene=D915_15145
      0.062   10.3   0.1      0.083    9.9   0.1    1.1  1  D915_02397  transcript=D915_02397 gene=D915_02397
      0.079    9.9   0.2       0.41    7.6   0.2    1.9  1  D915_03800  transcript=D915_03800 gene=D915_03800
      0.083    9.9   0.7       0.11    9.5   0.7    1.1  1  D915_10823  transcript=D915_10823 gene=D915_10823
       0.11    9.5   0.0       0.18    8.8   0.0    1.3  1  D915_04890  transcript=D915_04890 gene=D915_04890
       0.11    9.5   3.4        2.6    4.9   0.0    3.0  3  D915_04973  transcript=D915_04973 gene=D915_04973
       0.13    9.2   0.8       0.17    8.9   0.8    1.1  1  D915_02976  transcript=D915_02976 gene=D915_02976
       0.15    9.1   0.1       0.26    8.2   0.1    1.4  1  D915_12776  transcript=D915_12776 gene=D915_12776
       0.15    9.0   0.0        0.2    8.6   0.0    1.1  1  D915_03487  transcript=D915_03487 gene=D915_03487
       0.16    8.9   1.5       0.23    8.4   1.5    1.1  1  D915_03776  transcript=D915_03776 gene=D915_03776
       0.18    8.7   0.2       0.26    8.2   0.2    1.1  1  D915_10365  transcript=D915_10365 gene=D915_10365
       0.19    8.7   0.0       0.91    6.4   0.0    1.9  2  D915_11523  transcript=D915_11523 gene=D915_11523
       0.22    8.5   0.0       0.31    8.0   0.0    1.2  1  D915_05816  transcript=D915_05816 gene=D915_05816
       0.25    8.3   0.1       0.32    7.9   0.1    1.2  1  D915_10298  transcript=D915_10298 gene=D915_10298
       0.25    8.3   0.1       0.58    7.1   0.1    1.6  2  D915_06295  transcript=D915_06295 gene=D915_06295
       0.34    7.8   0.8       0.67    6.9   0.2    1.7  2  D915_11178  transcript=D915_11178 gene=D915_11178
       0.37    7.7   0.1       0.64    6.9   0.0    1.3  1  D915_01315  transcript=D915_01315 gene=D915_01315
       0.38    7.7   3.6         14    2.5   4.4    2.6  2  D915_06376  transcript=D915_06376 gene=D915_06376
       0.39    7.7   3.6       0.36    7.7   0.0    2.0  2  D915_04057  transcript=D915_04057 gene=D915_04057
       0.39    7.6   0.0       0.62    7.0   0.0    1.2  1  D915_01740  transcript=D915_01740 gene=D915_01740
       0.45    7.4   0.9        2.9    4.8   0.9    1.9  1  D915_12938  transcript=D915_12938 gene=D915_12938
       0.77    6.7   8.7       0.33    7.9   1.9    2.3  2  D915_05396  transcript=D915_05396 gene=D915_05396